1141
1148
1154
1163
1171
1173
1175
1180
1186
1203
1204
1213
1219
1223
1231
1232
1236
1239
1246
1249
1252
1254
1254
1255
1256
1257
1260
1262
1262
1262
1265
1266
1268
1272
1273
1279
1280
1282
1282
1283
1285
1287
1288
1288
1288
1290
1291
1293
1294
1295
1296
1297
1298
1298
1298
1299
1301
1301
1302
1303
1304
1308
1308
1310
1310
1313
1315
1317
1318
1318
1318
1318
1319
1321
1321
1322
1324
1324
1325
1326
1328
1328
1328
1329
1329
1329
1330
1331
1332
1332
1332
1332
1332
1333
1333
1334
1334
1334
1335
1335
