1262
1265
1288
1298
1304
1328
1329
1332
1332
1340
1343
1354
1355
1356
1364
1365
1366
1367
1368
1369
1369
1370
1371
1374
1375
1376
1377
1378
1379
1380
1381
1381
1382
1384
1385
1385
1387
1388
1389
1390
1391
1391
1392
1392
1393
1394
1395
1395
1396
1398
1398
1399
1399
1400
1401
1401
1402
1403
1404
1408
1408
1410
1410
1410
1411
1411
1411
1414
1415
1416
1419
1419
1419
1420
1420
1421
1421
1421
1421
1422
1424
1424
1425
1425
1425
1426
1428
1428
1428
1429
1429
1429
1429
1433
1434
1435
1435
1435
1436
1436
