0.20811564751847428
0.20686484772733696
0.2067766697761838
0.2060029161319043
0.2055954102597406
0.20556648883896345
0.2045698026712836
0.20426606650697413
0.20402314117380715
0.20378610981137626
0.20349410262721132
0.20324193768679558
0.20292911426732582
0.20101343819130474
0.20100323735554426
0.2003522946880662
0.277197374304
0.249127300114
0.245256499207
0.241534198046
0.237771042894
0.229791955675
0.215122998516
0.211220871574
0.207597355726
0.207204829528
0.20560243047
0.202204583636
0.201479141829
0.19968720988454994