0.455793822818
0.418612595562
0.416644079944
0.398320076075
0.396037838891
0.38697185029
0.385811216675
0.372480786135
0.365724987914
0.351015733203
0.35014208825
0.349521168394
0.349296493096
0.346530065474
0.342380587405
0.339552804038
0.338348634509
0.3378906804
0.337527650832
0.337334000865
0.337111203696
0.336292622436
0.336213361932
0.32816666645
0.326099803781
0.325249839119
0.324753821175
0.324206045126
0.32069104468
0.320494228032
0.319823480739
0.31809642067
0.316542301095
0.314110804194
0.311348174844
0.310208607933
0.310094716626
0.302627908526
0.301539064712
0.41659434460312433
0.41603241997831075
0.39556093081804894
0.3952650065271459
0.38529744574638414
0.3814574558087005
0.3807447872967563
0.37655438802798297
0.376522814236089
0.374350891822776
0.37094307287315703
0.36990082291971227
0.36686245325241035
0.36629941179017567
0.3661256031851008
0.36293480413225887
0.36199741771285454
0.3616672949198717
0.3609601515464311
0.3584302348571206
0.3561795561463676
0.35287561441095583
0.3511271131978797
0.34969370819087914
0.3496713364486968
0.3481730352514531
0.34753634006095524
0.3464726661386263
0.34633789038161666
0.34479106379089297
0.3443602773653704
0.34343199683601955
0.342478704908507
0.34232476162347897
0.34191341673354214
0.34186192614407024
0.3413991346255054
0.3409864746532906
0.3397985356187924
0.3389773604507988
0.3375188491457646
0.337387107116185
0.33667595117018523
0.33541439778164606
0.3341357300315161
0.3332841083646771
0.3320796955110899
0.3311401771008291
0.3304574398188992
0.32943379148273566
0.3285276233883826
0.32826007769921184
0.3281014479622672
0.32806595436929253
0.32796236711383925
0.3274066098426276
0.32737801771828123
0.3273444233138156
0.326876937453219
0.3267343310918442
0.32614731410096054
0.32573429341688265
0.3251914318828466
0.3240626385226681
0.32333631251685996
0.3229451443421687
0.32278490660447784
0.32257569994057833
0.3225267081842047
0.3217379901314848
0.32113465670755287
0.3210184973635674
0.3202958036949863
0.3196011372430959
0.31838603399205706
0.31835057746433315
0.31768789435613787
0.31741898350180175
0.3173912791796982
0.31710859632963867
0.3162181804763561
0.31552515450520746
0.31479761279689233
0.31233583294870293
0.31220804784344797
0.3101585622952289
0.31008281727328335
0.3091073186831085
0.3083239042914341
0.3079007152656806
0.3072237181730873
0.3068225389697619
0.30632620501410146
0.30582099300871174
0.3042479702396057
0.30360057694536874
0.30273439966900906
0.30268475223465335
0.30231216578858533
0.30178966847307204
0.30170940230181964