0.5617774065273308
0.5529724012685128
0.5405946959139303
0.5112874685342581
0.39590241240213386
0.3811612212384795
0.3611251948021879
0.5331587087616696
0.51933831633862
0.4494612914802801
0.4437279723687688
0.4212696107842574
0.41652118977980135
0.3931329148970301
0.38774921213713015
0.3834943950711127
0.37945007774647904
0.37361495505155734
0.3720775498579517
0.3601584264034291
0.35962446895221484
0.35383745954180856
0.674191841202
0.572924577838
0.471284878133
0.463468129918
0.456666258671
0.454095223856
0.441594295578
0.430056795915
0.419506554264
0.415577325134
0.403919640775
0.396847431857
0.396514115488
0.395726904379
0.394222571608
0.393132914897
0.386597161508
0.383540721408
0.378942483508
0.378181964425
0.369178379162
0.368958256043
0.368041104759
0.363122062399
0.361894673442
0.361866080046
0.361303932866
0.359581456894
0.358672111341
0.356347199677
0.61886060979
0.460779864605
0.40263658936
0.400287742127
0.393698523897
0.385033804408
0.380514983517
0.374128085274
0.373614955052
0.370986825925
0.3692493361
0.368062014014
0.365336012352
0.357589825271
0.352714538603
0.350540454056
0.601826285322
0.56496155872
0.552972401269
0.533158708762
0.44946129148
0.415050638646
0.414520224439
0.413656812273
0.387874615479
0.381694359102
0.377535382719
0.377517315569
0.375079570003
0.37252768137
0.362732477756
0.362581354177
0.41659434460312433
0.41603241997831075
0.39556093081804894
0.3952650065271459
0.38529744574638414
0.3814574558087005
0.3807447872967563
0.37655438802798297
0.376522814236089
0.374350891822776
0.37094307287315703
0.36990082291971227
0.36686245325241035
0.36629941179017567
0.3661256031851008
0.36293480413225887
0.36199741771285454
0.3616672949198717
0.3609601515464311
0.3584302348571206
0.3561795561463676
0.35287561441095583
0.3511271131978797
0.455793822818
0.418612595562
0.416644079944
0.398320076075
0.396037838891
0.38697185029
0.385811216675
0.372480786135
0.365724987914
0.351015733203
0.35014208825