1028
1060
1070
1098
1102
1102
1109
1115
1118
1122
1132
1140
1147
1148
1153
1153
1154
1155
1156
1157
1158
1160
1161
1165
1166
1167
1171
1171
1172
1173
1174
1178
1179
1179
1182
1182
1184
1185
1185
1186
1189
1189
1190
1190
1191
1191
1192
1193
1193
1194
1196
1196
1197
1198
1200
1200
1201
1201
1202
1202
1203
1205
1206
1207
1207
1208
1209
1209
1210
1211
1211
1212
1212
1212
1212
1213
1214
1214
1215
1216
1217
1217
1218
1218
1219
1220
1220
1221
1221
1221
1221
1222
1223
1224
1224
1224
1224
1224
1224
1225
