1028
1060
1070
1098
1102
1102
1118
1122
1132
1153
1154
1156
1157
1158
1160
1172
1178
1182
1185
1186
1189
1194
1196
1200
1206
1207
1211
1219
1221
1222
1224
1224
1224
1225
1226
1236
1239
1241
1245
1246
1247
1248
1250
1250
1251
1253
1254
1256
1257
1257
1257
1257
1260
1260
1260
1260
1260
1260
1261
1262
1263
1264
1264
1265
1265
1266
1266
1266
1267
1267
1267
1268
1268
1268
1269
1269
1270
1270
1271
1271
1271
1271
1272
1272
1272
1272
1272
1273
1273
1274
1274
1274
1274
1274
1275
1275
1275
1275
1275
1276
