1109
1115
1140
1147
1148
1153
1155
1161
1165
1166
1167
1171
1171
1173
1174
1179
1179
1182
1184
1185
1189
1190
1190
1191
1191
1192
1193
1193
1196
1197
1198
1200
1201
1201
1202
1202
1203
1205
1207
1208
1209
1209
1210
1211
1212
1212
1212
1212
1213
1214
1214
1215
1216
1217
1217
1218
1218
1220
1220
1221
1221
1221
1223
1224
1224
1224
1225
1225
1225
1226
1226
1228
1228
1228
1228
1228
1229
1229
1229
1230
1230
1230
1231
1232
1233
1233
1233
1234
1234
1236
1236
1237
1237
1237
1237
1237
1238
1238
1239
1239
